rollnumber,ttcentre
803490,31
804590,45
804661,25
804940,17
804941,17
805005,6
805087,20
805225,31
805326,2
805560,22
805602,18
805811,9
805983,6
805985,6
806692,6
806374,6
806404,8
806405,8
806406,8
806439,6
806440,20
806446,8
806503,6
806504,6
806514,25
806566,6
806568,12
806570,2
806571,6
806579,6
806595,6
806596,6
806597,6
806599,2
806601,6
806608,2
806610,9
806612,17
806614,2
806617,10
806620,25
806623,12
806625,5
806626,2
806627,1
806628,4
906629,18
806630,14
806631,43
806632,20
806633,6
806634,5
806635,1
806636,4
806637,31
806639,2
806640,14
806641,2
806642,43
806643,6
806644,7
806645,12
806647,4
806648,1
806651,2
806652,31
806653,12
806656,26
806657,17
806659,12
806662,30
806663,17
806665,38
806667,5
806668,5
806669,5
806670,8
806671,2
806672,8
806673,4
806674,8
806675,6
806676,12
806678,12
806680,2
806681,2
806684,4
806685,35
806687,14
806690,14
806693,12
806694,19
806695,6
807144,4
806700,17
806701,17
806702,31
906703,31
806704,31
806705,6
806707,4
806708,6
806709,20
806713,40
806714,17
806715,5
806716,4
806718,4
806722,52
806724,6
806726,12
806727,12
806728,9
806729,9
806730,35
806731,46
806734,35
806735,2
806737,17
806738,17
806740,17
806741,26
806742,10
806744,5
806745,5
806746,28
806747,5
806748,5
806749,6
806750,38
806751,8
806752,6
806753,14
806754,17
806755,12
806756,31
806757,38
806758,23
906759,4
906760,4
806761,37
806762,17
806763,20
806764,2
806765,26
806766,40
806767,17
806768,40
806770,17
806771,10
806773,14
809380,7
809381,11
806775,22
806776,43
806777,1
806780,8
806781,41
806782,38
806783,38
806784,41
806785,22
806786,8
806787,44
806789,5
806791,25
806792,8
806793,6
806794,41
806795,31
806796,12
806798,43
806799,22
806800,18
806802,33
806803,5
806804,12
806805,6
806806,18
806807,44
806808,30
806809,44
806810,18
806812,20
806813,6
806816,4
806817,20
806818,30
806819,12
806820,12
806822,3
806823,6
806824,45
806826,12
806827,9
806828,22
806829,8
806830,5
806831,25
806832,25
806833,2
806834,8
806835,18
806837,43
806840,41
806841,2
806842,8
806843,31
806844,12
806845,26
806846,8
806848,40
806849,6
806851,26
806854,37
806855,19
806856,26
806857,46
806858,46
806859,6
806864,18
806865,46
806874,2
806876,9
806877,46
806878,45
806879,25
806880,17
806882,2
806887,6
806888,30
806889,30
806891,9
806893,12
806894,6
806895,6
806896,17
806899,45
806900,2
806901,3
806902,8
806903,9
806904,8
806906,8
806907,3
806908,3
806912,37
806914,9
806916,2
806917,6
806918,41
806919,14
806920,5
806921,33
806922,33
806923,33
806924,12
806925,4
806926,22
806928,40
806929,10
806931,17
806932,26
806933,2
806934,9
806935,31
806938,9
806940,20
806941,18
806942,5
806943,22
806944,33
806945,33
806947,22
806948,5
806949,33
806950,5
806951,5
806952,33
806953,17
806954,17
806955,17
806956,17
806957,18
806959,26
806960,26
806961,20
806962,12
806964,8
806965,2
806966,9
806968,2
806969,17
806970,5
806972,26
806973,17
806974,9
806975,6
806976,22
806977,30
806978,43
806980,1
806981,6
806982,2
806984,20
806985,20
806987,38
806990,26
806991,10
806992,17
806994,5
806995,3
806996,40
806997,20
806998,6
806999,6
807000,12
807001,12
807002,2
807004,17
807005,2
807007,40
807009,41
807010,6
807012,8
807013,31
807017,25
807019,33
807020,6
807021,8
807027,9
807028,8
807031,2
807032,30
807033,2
807034,14
807035,2
807036,26
807038,12
807040,12
807043,26
807044,14
807045,40
807046,30
807047,4
807049,9
807050,46
807051,45
807052,30
807053,31
807054,17
807055,31
807056,12
807058,19
807059,19
807061,19
807062,33
807063,33
807068,8
807069,6
807072,17
807073,8
807077,7
807079,31
807080,46
807081,31
807082,2
807085,6
807087,44
807088,5
807089,20
807090,33
807091,33
807092,44
807093,33
807094,44
807095,44
807097,45
807098,26
807099,25
807100,10
807101,1
807102,26
807110,19
807111,19
807113,46
807114,8
807115,31
807117,19
807118,2
807120,1
807123,35
807126,12
807128,17
807131,40
807134,6
907136,19
807137,30
807138,33
807140,46
807141,5
807142,28
806697,4
807145,17
807147,31
807148,4
807150,6
807152,22
807153,6
807155,14
807156,26
807158,41
807159,37
807160,1
807161,26
807163,2
807165,2
807166,7
807167,3
807168,12
807169,6
807170,6
807171,12
807172,7
807173,43
807174,43
807175,37
807177,44
807178,44
807179,22
807180,25
807184,6
807185,4
807187,7
807188,18
807189,7
807191,35
807192,7
807193,6
807196,4
807198,31
807199,12
807200,17
807201,6
807202,17
807203,12
807204,17
807206,12
807207,6
807208,6
807209,7
807211,18
807217,6
807218,8
807219,33
807221,6
807224,7
807225,43
807226,2
807227,6
807228,6
807229,6
807230,5
807233,6
807237,17
807239,17
807240,17
807241,17
807248,18
807249,10
807253,12
807254,31
807255,17
807256,4
807257,10
807259,12
807263,2
807265,33
807266,12
807267,12
807270,2
907275,6
907276,6
907277,4
907278,20
807279,17
807280,10
807283,10
807287,43
807288,22
807289,22
807291,4
807292,12
807293,25
807294,22
807296,44
807297,17
807299,37
807300,8
807303,5
807304,19
807307,46
807315,8
807317,20
807320,2
807322,43
807323,6
807330,1
807331,30
807332,37
807334,3
807335,14
807337,43
807339,12
807340,26
807341,10
807342,2
807344,20
807345,8
807348,1
807349,1
807350,6
807351,46
807355,5
807358,8
807359,12
807360,3
807364,37
807365,37
807366,22
807367,37
807368,3
807370,12
807371,46
807372,17
807373,26
807374,14
807378,22
807379,3
807382,6
807383,17
807384,17
807390,7
807392,9
807396,2
807397,12
807398,8
807399,31
807400,8
807401,6
807402,6
807403,6
807404,43
807405,9
807407,25
807408,19
807409,46
807410,19
807412,19
807413,4
807414,2
807417,19
807418,38
807419,25
807420,12
807421,12
807423,12
807425,9
807428,2
807430,4
807431,26
807432,26
807433,26
807434,26
807439,22
807440,10
807445,2
807446,19
807452,2
807463,12
807464,6
807479,45
807480,45
807481,30
807482,45
807483,22
807484,8
807487,45
807488,45
807490,12
807491,17
807493,17
807495,6
807496,23
807497,7
807498,7
807499,45
807500,5
807507,40
807518,8
807525,20
807526,45
807534,12
807538,35
807540,12
807541,22
807542,22
807543,12
807544,12
807545,26
807546,2
807548,33
807549,19
807550,43
807551,5
807553,7
807554,12
807556,12
807557,12
807558,14
807559,45
807560,4
807561,45
807563,5
807564,19
807565,4
807573,17
807574,17
807575,10
807576,17
807578,7
807579,12
807580,6
807588,6
807589,9
807593,3
807596,25
807597,44
807600,19
807601,22
807603,6
807607,12
807612,31
807613,11
807614,6
807615,8
907619,44
807622,40
807623,40
807624,19
807625,40
807634,7
807642,22
807644,38
807645,38
807652,31
807656,17
807661,7
807665,22
807666,9
807667,6
807668,11
807670,14
807671,17
807683,19
807685,45
807686,45
807687,45
807691,22
807693,22
807694,31
807697,19
807699,45
807700,37
807703,12
807704,45
807707,8
807709,22
807714,30
807715,4
807722,4
807723,40
807724,12
807725,6
807727,25
807729,17
807734,17
807735,12
807736,6
807738,6
807740,20
807741,33
807743,23
807752,19
807753,17
807755,40
807757,31
807758,30
807761,22
807763,12
807764,12
807765,35
807766,37
807767,41
807768,30
807771,33
807774,9
807775,22
807780,19
807784,12
807786,23
807787,33
807788,6
807794,12
807796,37
807799,35
807800,35
807801,45
807802,12
807807,9
807808,5
807810,44
807811,20
807812,12
907813,31
807815,8
807817,6
807818,12
807819,6
807820,17
807821,25
807823,12
807824,38
807825,22
807826,33
807827,5
807828,17
807829,12
807830,17
807835,12
807836,19
807837,4
807840,4
807841,45
807842,6
807843,26
807844,17
807847,4
807849,19
807854,20
807855,6
807857,12
807858,31
807861,17
807862,33
807864,44
807865,6
807866,37
807867,26
807868,35
807869,35
807870,6
807871,12
807872,22
807873,4
807874,12
807875,45
807877,33
807881,12
807884,12
807886,6
807889,26
807890,26
807891,5
807892,12
807893,20
807897,10
807898,10
807900,10
807901,26
807902,45
807903,40
807907,37
807909,17
807910,31
807912,2
807914,20
807915,44
807921,2
807923,6
807924,5
807925,33
807926,44
807927,12
807930,2
807931,2
807932,5
807933,37
807934,2
807935,22
807939,9
807940,12
807941,12
807942,9
807943,12
807944,12
807945,31
807947,31
807948,43
807950,5
807951,38
807953,45
807954,20
807956,9
807957,9
807958,11
807959,7
807960,7
807961,7
807962,7
807963,7
807964,12
807965,7
807968,5
807971,11
807972,35
807973,7
807976,30
807978,17
807979,37
807980,37
807981,33
807982,4
807983,4
807984,17
807985,38
807987,38
807988,26
807989,38
807991,4
807992,23
807993,18
807994,12
807995,38
807996,4
807997,2
807998,10
807999,17
808000,17
808002,10
808005,10
808008,12
808011,22
808012,44
808013,2
808014,12
808015,43
808016,31
808017,6
808018,19
808020,2
808022,46
808023,1
808024,19
808025,17
808026,7
808027,12
808028,17
808029,7
808030,30
808031,26
808032,7
808033,9
808035,5
808036,22
808037,5
808038,22
808039,22
808042,12
808050,46
808051,12
808052,12
808053,31
808058,12
808059,12
808060,31
808064,9
808065,4
808067,45
808068,12
808069,40
808070,19
808071,40
808072,19
808073,18
808074,2
808075,17
808076,1
808077,11
808078,12
808079,20
808080,12
808081,26
808082,43
808083,8
808084,8
808085,3
808086,8
808088,19
808089,31
808090,30
808091,19
808092,5
808093,5
808095,5
808097,5
808098,19
808101,2
808103,6
808104,6
808106,2
808107,7
808109,17
808111,19
808112,46
808113,30
808114,8
808115,4
808116,17
808119,2
808122,25
808123,8
808124,5
808125,12
808126,14
808127,38
808130,12
808131,14
808132,44
808133,18
808139,31
808140,12
808142,7
808143,2
808144,17
808147,5
808148,1
808149,12
808150,17
808151,5
808153,35
808156,2
808157,2
808159,12
808160,1
908161,3
808162,17
808163,17
808164,17
808165,9
808166,19
808169,8
808172,8
808173,33
808174,33
808175,5
808176,38
808178,18
808180,38
808181,33
808183,12
808184,46
808185,12
808186,12
808187,7
808188,31
808190,5
808191,31
808192,12
808193,25
808194,33
808196,2
808197,6
808198,17
808199,7
808200,7
808201,2
808202,35
808205,46
808206,37
808208,5
808209,4
808212,2
808213,12
808214,31
808215,12
808216,2
808217,26
808218,1
808219,5
808223,1
808224,40
808225,12
808226,35
808227,12
808228,35
808229,35
808230,2
808231,30
808232,6
808233,12
808234,19
808235,7
808236,12
808237,20
808241,7
808243,44
808244,12
808245,5
808246,8
808247,8
808248,25
808249,2
808250,12
808251,7
808252,4
808253,7
808254,12
808255,6
808256,8
808257,2
808258,2
808259,5
808260,5
808261,12
808263,12
808264,9
808265,4
808266,6
808267,1
808268,43
808269,30
808270,44
808271,9
808272,12
808276,2
808279,18
808283,40
808286,33
808287,6
808289,9
808294,10
808295,10
808296,40
808297,12
808301,8
808303,17
808305,7
808306,41
808307,6
808308,18
808309,23
808310,45
808311,6
808312,12
808313,31
808314,6
808315,11
808316,12
808317,3
808318,3
808319,26
808320,26
808321,7
808322,7
808323,40
808325,12
808326,12
808327,10
808328,10
808329,2
808330,2
808331,2
808332,33
808333,5
808334,8
808335,7
808336,2
808337,25
808339,7
808340,8
808341,17
808342,38
808343,10
808344,2
808345,2
808346,17
808347,4
808348,7
808349,17
808350,35
808351,44
808352,41
808353,10
808354,37
808355,5
808356,17
808357,33
808358,10
808365,38
808366,38
808367,38
808368,38
808369,6
808370,38
808371,38
808372,38
808373,17
808374,2
808375,25
808376,9
808378,2
808379,25
808381,2
808382,45
808383,12
808385,19
808386,10
808387,40
808389,10
808390,22
808391,5
808392,4
808393,40
808406,1
808417,26
808418,8
808419,18
808420,19
808423,12
808425,17
808431,6
808442,5
808443,12
808444,33
808446,22
908447,5
808451,40
808452,40
808455,40
808457,7
808465,25
808466,2
908467,6
808471,12
808479,12
808489,5
808490,5
808491,26
808497,7
808500,9
808504,9
808505,9
808511,17
808512,44
808513,44
808514,5
808516,9
808520,12
808523,17
808524,11
808525,26
808537,6
808538,23
808539,6
808540,6
808541,40
808549,7
808553,12
808557,5
808559,40
808560,11
808562,17
808563,18
808564,23
808565,12
808566,2
808567,2
808568,12
808569,30
808571,40
808572,26
808573,40
808574,37
808575,35
808576,17
808578,17
808580,17
808581,17
808583,35
808584,35
808585,35
808586,12
808588,2
808590,2
808591,11
808592,12
808593,41
808594,4
808595,12
808596,4
808597,4
808598,33
808599,37
808600,12
808601,5
808604,46
808606,17
808610,5
808611,5
808612,5
808613,23
808614,31
808615,12
808616,38
808618,18
808621,25
808623,25
808624,25
808625,18
808629,20
808631,2
808633,33
808634,33
808635,3
808636,46
808637,38
808638,12
808639,41
808640,37
808641,37
808643,37
808644,12
808645,9
808646,9
808647,9
808651,12
808653,25
808655,19
808656,7
808657,19
808658,38
808659,38
808660,33
808661,25
808662,1
808663,7
808664,26
808666,17
808667,31
808668,2
808669,5
808670,46
808671,46
808672,22
808674,5
808678,3
808679,40
808680,25
808681,5
808682,12
808683,31
808684,1
808686,46
808687,12
808688,12
808689,5
908691,5
808693,41
808694,2
808695,40
808696,40
808697,40
808698,2
808699,17
808700,46
808701,5
808704,3
808705,12
808706,12
808707,25
808709,12
808711,26
808712,2
808713,7
808714,8
808716,38
808720,12
808721,41
808722,5
808723,5
808724,12
808730,12
808731,4
808732,4
808733,19
808734,40
808735,9
808736,2
808737,1
808739,26
808740,17
808746,12
808747,40
808748,5
808749,5
808755,38
808756,12
808757,1
808759,12
808761,3
808762,12
808763,6
808764,2
808765,22
808766,9
808767,10
808768,44
808770,17
808771,31
808772,2
808773,2
808776,3
808777,1
808778,17
808780,17
808781,17
808782,37
808783,10
808784,17
808785,9
808786,9
808787,9
808788,17
808789,9
808792,12
808793,12
808795,33
808797,2
808798,1
808799,2
808800,11
808807,17
808810,23
808812,23
808815,17
808816,7
808817,12
808818,1
808819,12
808820,23
808821,17
808823,6
808825,2
808826,17
808827,10
808829,2
808831,12
808832,35
808834,35
808835,38
808837,38
808838,5
808840,2
808841,1
808842,12
808844,2
808846,12
808847,12
808849,31
908850,20
808852,11
808853,11
808856,17
808858,12
808859,12
808860,1
808861,17
808862,17
808863,40
808864,23
808866,5
808867,2
808868,2
808869,20
808870,11
808872,12
808873,38
808874,44
808875,25
808876,44
808877,23
808879,12
808880,3
808881,10
808882,26
808883,26
808884,18
808885,12
808887,6
808889,2
808890,4
808891,4
808892,40
808893,12
808894,4
808895,44
808896,7
808899,18
808900,23
808901,7
808902,2
808903,12
808904,12
808905,12
808906,25
808907,1
808910,20
808911,11
808912,5
808913,9
808915,38
808916,5
808917,38
808918,4
808919,19
808920,17
808921,9
808922,9
808923,4
808924,12
808925,12
808926,12
808927,12
808928,12
808929,12
808930,12
808931,12
808932,12
808933,6
808934,12
808935,12
808936,12
808937,12
808938,38
808940,12
808941,18
808942,33
808943,12
808946,17
808947,44
808948,18
808949,38
808951,2
808952,41
808953,37
808954,5
808955,5
808956,5
808957,5
808958,5
808959,5
808960,5
808961,5
808965,19
808966,12
808968,11
808969,12
808970,31
808971,12
808973,37
808974,12
808975,12
808976,12
808977,10
808978,12
808979,31
808980,31
808982,18
808983,37
808984,23
808985,30
808986,18
808987,19
808988,5
808989,4
808990,19
808991,10
808992,8
808993,38
808994,38
808995,6
808998,2
808999,19
809002,43
809004,2
809005,2
809006,41
809007,3
809008,7
809011,11
809012,17
809013,12
809014,1
809016,35
809017,9
809018,18
809019,9
809020,35
809021,9
809022,9
809025,9
809026,9
809027,12
809029,12
809030,9
809031,12
809032,9
809034,12
809035,12
809036,9
809037,12
809040,12
809041,9
809042,9
809044,12
809045,9
809046,45
809049,31
809050,31
809052,12
809053,7
809055,11
809057,35
809059,6
809060,7
809061,5
809062,28
809063,5
809064,5
809065,5
809066,41
809067,19
809068,7
809069,7
809070,40
809071,3
809072,38
809074,4
809076,9
809077,5
809078,5
809079,5
809080,30
809081,19
809084,7
809089,2
809090,2
809091,4
809092,17
809093,33
809094,18
809095,18
809096,37
809097,7
809098,12
809099,44
809101,44
809102,12
809103,12
809104,37
809105,46
809106,40
809107,44
809108,20
809109,31
809111,2
809112,19
809113,10
809115,2
809116,26
809117,6
809118,9
809120,18
809121,9
809122,18
809123,5
809124,5
809125,12
809126,12
809127,12
809128,12
809129,12
809130,12
809131,12
809132,12
809133,12
809134,12
809135,5
809136,12
809137,11
809138,23
809139,10
809140,40
809141,37
809142,7
809143,18
809144,2
809146,38
809148,38
809149,35
809150,35
809152,22
809154,44
809156,18
809157,23
809158,9
809159,23
809160,38
809162,12
809163,12
809165,7
809166,5
809168,40
809169,25
809170,11
809171,11
809172,25
809173,40
809174,11
809175,37
809176,41
809177,37
809178,19
809180,44
809181,8
809182,8
809183,8
809184,46
809185,41
809186,25
809187,8
809188,40
809189,8
809190,25
809191,2
809192,2
809193,17
809195,46
809196,44
809197,40
809198,2
809199,2
809200,2
809201,12
809202,12
809203,12
809204,6
809205,43
809206,8
809207,4
809208,9
809210,4
809211,30
809214,18
809216,44
809217,31
809218,9
809219,9
809220,5
809221,11
809222,33
809223,5
809224,11
809225,41
809226,37
809227,10
809228,10
809229,10
809230,10
809231,12
809232,6
809233,12
809234,12
809235,11
809236,37
809237,1
809239,7
809240,40
809241,41
809247,5
809248,19
809249,33
809250,22
809252,35
809254,35
809255,37
809256,10
809257,10
809258,12
809259,12
809260,12
809261,12
809262,12
809263,12
809264,12
809265,8
809266,8
809267,12
809268,25
809269,31
809271,2
809272,10
809273,12
809277,9
809279,6
809280,35
809284,9
809285,2
809286,9
809287,25
809288,10
809289,31
809292,5
809294,12
809295,5
809296,12
809297,12
809298,5
809299,12
809301,12
809302,12
809303,12
809304,33
809307,4
809309,4
809311,18
809312,30
809313,19
809314,2
809322,18
809323,12
809326,31
809329,2
809330,2
809331,2
809333,7
809334,33
809340,35
809341,17
809343,3
809344,35
809345,18
809346,2
809347,9
809349,38
809353,35
809354,9
809355,9
809356,9
809358,35
809359,44
809360,5
809361,2
809362,11
809364,6
809365,17
809367,18
809368,7
809369,19
809370,12
809372,12
809373,9
809374,9
809375,9
809376,9
809377,18
809378,12
809379,10
809382,6
809383,6
809384,9
809385,9
809386,12
809387,12
809388,5
809389,22
809390,5
809392,26
809393,12
809394,12
809396,12
809398,2
809399,6
809400,2
809401,6
809402,11
809403,11
809404,2
809405,17
809406,9
809407,9
809409,46
809410,31
809411,40
809412,46
809413,4
809415,46
809416,12
809418,6
809419,35
809421,35
809422,44
809423,12
809424,46
809425,46
809426,46
809427,46
809428,46
809429,19
809431,38
809437,38
809439,11
809440,12
809441,11
809445,4
809446,7
809447,17
809448,6
809450,17
809451,35
809452,35
809453,17
809466,35
809468,11
809469,9
809471,2
809472,2
809473,2
809852,18
809475,37
809476,12
809478,3
809479,37
809480,11
809481,37
809482,8
809483,8
809487,12
809489,12
809490,3
809491,44
809492,44
809494,9
809495,7
809496,9
809499,40
809500,18
809501,11
809502,18
809503,11
809504,12
809505,8
809506,8
809507,25
809508,35
809510,35
809511,35
809513,35
809514,46
809515,44
809517,44
809518,4
809519,14
809520,14
809521,4
809523,6
809524,6
809525,44
809526,18
809527,12
809528,12
809529,18
809530,12
809531,2
809533,18
809535,23
809537,17
809538,38
809539,6
809540,4
809541,11
809542,44
809546,7
809547,7
809551,20
809554,22
809555,5
809556,12
809559,5
809561,5
809562,12
809563,5
809564,5
809565,5
809566,5
809568,6
809573,5
809575,33
809577,18
809578,44
809579,37
909581,37
809582,37
809585,31
809586,12
809590,38
809591,44
809596,33
809597,5
809598,5
809600,3
809602,18
809604,44
809605,11
809606,12
809607,12
809610,8
809614,12
809615,5
809616,38
809618,18
809620,2
809621,2
809622,2
809624,5
809629,4
809633,9
809634,9
809636,9
809638,18
809639,18
809640,8
809642,38
809646,35
809647,35
809648,35
809649,10
809650,38
809652,2
809653,2
809657,19
809658,38
809660,44
809661,9
809663,19
809664,5
809667,38
809668,12
809671,40
809672,6
809673,9
809674,9
809675,10
809676,12
809677,44
809678,12
809679,12
809680,7
809682,5
809684,40
809685,44
809686,22
809687,5
809688,9
809689,8
809690,9
809692,40
809693,20
809695,12
809697,12
809701,9
809703,18
809704,3
809705,18
809707,12
809708,8
809709,8
809713,18
809714,10
809716,44
809717,37
809718,37
809719,37
809720,37
809721,37
809723,6
809724,4
809725,7
809726,44
809731,2
809733,5
809734,44
809735,43
809736,10
809737,40
809738,35
809741,35
809745,18
917559,31
809760,12
809761,12
809763,37
809764,11
809765,8
809766,25
809767,1
809771,6
809772,12
809773,38
809774,5
809776,18
809777,9
809778,9
809779,9
809780,35
809781,9
809782,2
809786,41
809787,37
809788,7
809792,4
809793,12
809794,18
809795,8
809796,4
809797,2
809798,2
809801,12
809802,12
809807,12
809810,35
809811,4
809823,38
809813,2
809814,12
909817,31
809818,12
809820,9
809821,9
809824,44
809827,11
809830,12
809839,9
809841,18
809842,18
809843,8
809845,40
809846,6
809850,37
809851,8
809853,18
809854,2
909855,22
809856,5
809857,44
809859,9
809861,12
809864,12
809865,9
809867,44
809872,35
809873,43
809874,9
817145,12
817146,12
817147,41
817148,4
817150,12
817152,37
817153,37
817154,44
817157,5
917165,10
817175,9
817183,5
817184,9
917187,7
917556,1
817194,10
917198,26
917199,26
917200,26
917201,26
817217,44
817205,22
817211,44
817216,31
817218,44
817219,9
817221,5
817222,35
817223,35
817226,37
917227,20
817240,44
817241,44
917244,5
817255,9
817256,9
917258,12
817557,40
917558,22
917262,4
917263,23
817264,6
917274,12
817284,44
917291,17
917292,17
917293,38
917295,5
917299,4
917300,22
817301,9
917305,44
817309,33
817319,12
917320,5
817324,38
917326,45
817329,35
917330,26
817334,6
917335,6
817336,45
817337,25
917341,5
917342,4
917344,6
817351,44
917354,2
917355,20
817357,9
917358,45
917359,45
917360,31
917361,31
917362,18
817364,9
917367,31
917371,7
917376,12
917377,17
917380,4
917381,30
917382,12
917383,2
917384,31
917385,12
917386,17
917387,31
917388,12
917389,12
917390,31
917391,22
917392,22
917393,2
917394,31
917395,2
917396,12
917397,12
917398,2
917400,4
917402,5
917403,31
917404,6
917405,12
917406,6
917407,31
917408,5
917409,6
917410,30
917411,12
917413,4
917414,6
917415,4
917416,2
917421,26
917422,1
917423,1
917424,6
917425,4
917426,9
917427,9
817428,2
917429,18
917431,6
917432,46
917434,46
917435,6
917437,18
917439,25
917440,17
917445,4
917448,20
917452,38
917453,4
917457,20
917458,5
917469,9
917472,12
917474,7
917476,5
917479,1
917480,5
917481,22
917482,22
917484,12
917501,52
917504,45
917506,22
917527,20
917528,6
917532,2
917536,9
917537,52
817538,45
917546,11
917554,7
917561,31
917563,1
917571,31
917575,31
917577,4
917581,31
917583,52
917589,17
917590,17
917594,4
917596,44
917597,2
917598,17
917603,5
917604,37
917655,31
917609,31
917610,26
817612,11
817614,11
817615,11
917616,25
917617,31
917620,17
917623,11
917624,6
917625,30
917626,30
917627,20
917629,12
917632,20
917634,22
917635,1
917636,31
917637,20
917639,7
917641,17
917642,5
917644,22
917645,22
917646,22
917648,17
917650,9
917652,17
917654,2
917658,4
917660,14
917661,11
917663,14
917667,4
917670,30
917672,30
917673,4
917677,4
917678,4
917679,4
917691,12
917707,12
917710,40
917715,14
917716,31
917717,31
917718,4
917719,18
917722,17
917726,18
917727,5
917728,22
917729,40
917730,44
917735,17
917736,17
917737,46
917738,22
917744,12
917745,1
917746,25
917747,23
917748,2
817749,35
917750,17
917752,31
917755,2
917759,2
917760,20
917761,20
917762,6
917768,4
917770,2
917771,45
917775,6
917776,17
917777,25
917778,11
917779,6
917780,26
917781,52
917787,25
917790,37
917791,9
917792,9
917802,35
917807,17
917810,18
917813,12
817816,9
917821,44
917822,5
917823,33
917827,40
917830,22
917833,20
917834,20
917837,26
917838,31
917839,25
917840,4
817844,11
917845,17
917850,22
917852,17
917855,4
917858,4
917859,26
917861,44
917863,7
917865,26
917867,17
917869,17
917873,1
917874,1
917876,23
917877,5
917881,1
917882,1
917883,40
917886,26
917891,2
917901,30
917908,4
917909,4
917916,1
917917,37
917925,52
917926,30
917939,7
917940,30
917941,5
917942,5
917943,33
917944,22
917945,22
917947,23
917948,1
917949,12
917961,2
917965,22
917971,2
917980,22
917985,2
917986,45
917987,37
917988,22
917989,20
917993,25
917994,43
917998,37
918000,6
918013,12
918015,6
918016,12
918017,6
918018,7
918022,1
918046,4
918047,25
918054,17
918059,4
918069,50
918072,22
918075,4
918078,4
918086,31
918088,17
918092,1
918104,17
918109,1
918123,22
918138,9
918151,30
918157,4
918161,17
918162,31
918164,17
918165,17
918167,33
918169,4
918170,17
918171,10
918172,26
918175,35
918176,35
918177,12
918178,6
918196,12
918200,23
918201,31
918207,18
918213,38
918214,30
918223,18
918224,11
918236,12
918240,26
918246,31
818258,35
818259,35
818261,35
818263,35
818266,9
918271,12
918272,7
918275,38
918277,4
918278,12
918279,2
818283,35
918314,4
918323,19
918324,18
918325,12
918326,2
918327,1
818337,12
918341,3
818345,35
918349,6
918361,30
918363,9
918365,12
918367,6
918370,12
918372,22
918379,35
918387,6
918401,22
918402,4
918403,3
918404,1
818412,35
918415,4
918425,7
918426,12
818427,31
918429,20
918430,25
918432,6
918433,6
918434,6
918435,1
918436,26
918437,22
918438,9
918439,38
918442,26
918445,17
918446,17
918447,5
918452,18
918453,2
918454,17
918458,22
918460,2
918464,12
918466,35
918471,3
918544,20
918474,2
918482,2
918483,25
818485,9
818486,9
918487,3
918491,25
918492,25
918493,4
918494,2
818495,2
918496,6
918497,5
918502,1
918506,18
918513,12
918518,17
918519,17
818521,9
918522,20
918524,26
918525,4
918526,6
918528,38
918529,10
918530,12
918532,25
918533,4
918534,10
918536,22
918537,5
918538,17
918540,2
918541,25
918542,25
918543,25
918546,17
918554,52
918572,25
918578,4
918581,52
918582,44
918583,9
918584,35
918586,35
918588,52
918597,11
918600,25
918602,1
918603,44
918609,38
918610,35
918614,18
918615,35
918616,35
918617,52
918623,2
918624,7
918629,12
918632,17
918639,6
918642,3
918643,17
918644,20
918645,12
918646,5
918647,17
918648,31
918651,37
918653,37
918655,12
918662,44
918663,52
918672,44
918673,44
918674,44
918679,35
918685,35
818691,35
918694,2
918695,25
918696,31
918697,35
918698,52
918701,37
918703,44
918704,44
918705,4
918706,20
918707,26
918709,5
918711,5
918713,37
918721,1
918723,17
918724,37
918728,52
918729,37
918731,3
918732,2
918733,17
918734,2
918735,31
918737,12
918744,9
918748,2
918756,35
918759,44
918762,35
918763,44
818771,35
918774,35
918783,45
918787,20
918788,33
918789,20
918791,17
918793,12
918794,1
918795,33
918796,20
918797,52
918798,17
918799,20
918802,18
918803,20
918804,2
918805,5
918806,5
918807,17
918809,35
818810,9
918816,35
918817,35
918846,17
918847,18
918859,6
918865,22
918866,6
818870,35
918873,35
918874,52
918875,35
918877,44
918879,22
918882,4
918883,17
918884,17
918885,17
918886,10
918887,26
918888,2
918889,12
918891,12
918896,12
918901,5
918950,20
918954,20
818957,44
818963,35
918965,17
918974,9
918991,52
919003,17
919004,17
919005,6
919013,10
919018,45
919019,17
919020,1
919038,20
919049,9
919059,45
919087,31
919088,22
919091,19
919092,7
919093,17
919094,17
919102,7
919098,26
919104,25
919105,11
919107,5
919109,18
919111,7
919113,17
919114,12
919117,12
919118,1
919141,44
919143,12
819144,35
919152,4
919157,10
919158,25
819161,35
819162,35
819163,35
919189,20
919218,25
919221,2
919222,2
819226,2
819227,2
919228,6
919229,6
919230,23
919233,12
919234,18
919235,9
919243,37
919258,5
919260,22
919263,5
919267,35
919275,44
919279,44
919292,11
919309,20
919310,19
919312,40
919323,4
919337,6
919338,37
919339,37
919341,2
919350,6
819351,35
919352,6
919356,2
919357,4
919366,10
919373,7
919383,17
919389,5
919392,2
919393,19
919396,7
919401,37
919404,37
919407,38
919415,49
819423,35
919427,19
919428,19
919431,50
919432,51
919443,50
919444,44
919446,37
919447,6
919448,7
919449,37
919453,50
919454,44
919455,1
919459,50
919461,5
919462,22
919464,5
919465,45
919467,35
919468,12
919469,12
919470,1
919471,17
919472,26
919475,49
919476,49
919477,51
919485,49
919488,11
919493,49
919495,51
919509,51
919511,49
919524,50
919525,44
919528,50
919530,4
919531,51
919532,51
919535,50
919537,50
919561,9
919562,35
919563,9
919564,50
919568,12
919569,1
919571,48
919579,48
919582,1
819584,22
919593,4
919595,5
919597,5
919602,52
919606,50
919610,48
919611,48
919619,48
919620,48
919623,50
919633,31
919634,4
919636,12
919640,48
919643,48
919657,11
919660,12
919661,12
919662,10
919663,30
919667,48
919671,12
919673,30
919676,9
919677,26
919680,26
919684,26
919686,4
919687,6
919696,48
919702,52
919706,35
919712,48
919728,30
919729,30
919731,33
919734,48
919738,4
819741,35
919744,47
919745,47
820842,48
919747,47
919748,47
919751,47
919752,47
919753,47
919754,47
919756,38
919757,25
919759,47
919761,47
919762,48
919765,3
919772,52
919775,10
919784,52
919789,12
919790,47
919792,47
919799,30
919801,17
919803,31
919804,17
919805,100
919806,19
919808,3
919810,50
919812,12
919813,50
919815,50
919816,46
919822,50
919823,50
819828,37
919833,37
919834,51
919837,50
919843,17
919844,17
919845,37
919846,12
919849,51
919854,5
919856,22
919859,51
919862,51
919875,48
919878,48
919879,48
919880,48
919881,48
919883,48
820841,46
919887,19
919892,12
919894,12
919895,38
919896,7
919897,9
919920,47
919921,47
919922,47
919923,47
919926,47
919927,47
919928,47
919931,47
919932,47
919933,47
919935,47
919936,47
919939,4
919941,2
919942,22
919944,12
919945,2
819946,44
919952,4
919954,49
919956,17
919957,40
919958,44
919959,35
919960,17
919972,50
919982,19
819985,9
919989,51
919991,45
919993,25
919996,22
920001,4
920004,12
920005,17
920006,35
920007,45
920008,17
920009,3
920010,45
920020,25
820024,43
920027,5
920028,6
920029,44
820033,5
920034,47
920035,47
920036,47
920037,47
920038,47
920039,47
920040,47
920041,12
920043,5
920044,12
920046,20
920047,47
920049,47
920051,47
920052,47
920054,47
920056,47
920057,47
920071,12
920074,9
920094,12
920095,12
920096,22
820098,8
920100,12
920112,6
920130,47
920133,17
920134,10
820135,2
920138,11
920142,23
920147,7
920148,26
920154,20
920156,48
920158,48
920160,51
820167,51
920171,6
920179,50
820181,9
920182,50
820184,50
820189,48
820194,48
920197,52
920199,25
920200,30
920201,19
920203,12
920205,12
920207,12
920208,1
920212,47
920221,1
920224,50
920227,20
920230,51
920234,4
920236,35
920237,18
920238,52
820241,49
920244,12
920245,12
920247,12
820248,49
920250,12
820252,49
920253,25
920256,7
920257,6
920258,7
920260,12
920261,5
920263,4
920265,11
920266,5
920268,22
920270,35
920271,22
920272,7
920273,22
920274,12
920285,5
920286,5
920288,38
920294,51
920295,9
920296,47
920297,47
920299,47
920304,12
920307,9
920308,9
920309,22
920312,7
820320,48
920326,37
920327,37
920329,37
920330,9
920335,31
920337,12
920339,7
920341,35
920343,25
920344,25
920345,9
920348,25
920349,6
920350,19
920351,4
920353,51
920354,51
920357,37
920358,17
820359,9
920362,12
920365,7
920367,25
920371,12
920372,12
920375,5
920379,20
920385,19
820387,35
820388,44
820392,44
920394,25
820395,44
920397,22
920398,31
920399,2
920402,12
820405,9
920406,9
920407,35
920408,46
920410,38
820414,44
920417,4
920420,12
920421,7
920426,7
920427,7
920430,12
920433,35
820439,43
920441,20
920445,47
920448,22
920451,5
820453,20
920455,12
920456,12
920467,25
920468,25
920470,2
920471,31
920472,25
820475,43
820478,48
920488,7
920489,48
920490,48
920496,50
820497,50
920498,35
920499,50
920500,4
920503,19
920504,2
920505,51
920507,35
920514,49
920515,25
920516,7
920517,9
920522,2
920526,50
920527,2
920528,12
920529,20
920530,26
820532,35
920536,26
920708,20
820547,48
920550,52
920555,52
920557,9
820561,37
920565,44
920566,48
920568,44
920570,5
920572,12
920573,52
920574,12
920575,12
920576,2
920577,12
920578,7
920579,2
920580,2
920581,2
920583,4
920584,3
920585,40
920589,20
920591,35
920595,19
920597,52
820598,44
820599,44
920600,44
920601,25
920602,19
920616,9
920604,35
920606,35
820608,44
920611,47
920612,2
920613,2
920615,2
920619,4
920621,4
920623,9
920625,12
920629,37
920630,4
820633,48
920634,4
920639,26
920641,52
820643,48
920649,12
920650,12
920653,19
920656,22
920658,48
920664,20
920665,25
920667,49
920668,35
820673,5
920678,23
920679,17
920680,50
920683,50
920686,12
920692,4
920695,12
920696,35
920697,23
920699,10
920700,26
920701,26
920702,2
920703,1
920704,1
920705,3
920710,47
920715,35
820716,100
920723,26
920724,35
920725,35
820727,35
920728,35
920729,7
920731,50
920732,12
920734,12
920735,18
920739,20
920740,1
920743,5
920744,5
920747,30
920748,11
920752,4
920754,47
920755,38
920756,47
920757,17
920758,17
920759,17
920761,47
920762,47
920764,47
920766,47
920767,47
920768,45
920769,31
920770,35
920772,17
920775,17
920777,50
920778,17
920779,12
920781,25
920782,30
920785,2
920787,47
920801,52
920802,52
920804,48
920805,44
920806,52
920807,44
920808,19
920809,12
820810,35
920811,4
920812,1
920832,1
920839,52
920840,9
820843,48
920844,4
820847,48
920848,48
920850,17
920853,35
920854,47
920856,1
920858,50
920859,19
920860,2
920861,2
920862,2
920863,12
820865,50
820867,50
920868,47
920871,12
920874,3
920875,48
920876,45
920883,51
920886,4
920890,4
920893,6
920898,47
920899,47
920901,47
920903,47
920905,7
920906,47
920907,47
920908,12
920910,40
920911,26
920912,1
920913,1
920914,1
920915,1
920916,1
920919,47
920922,48
920924,25
920932,17
920935,2
920936,2
920940,47
920941,33
920943,6
920944,7
920945,5
920947,55
920950,5
920956,18
820957,51
920958,6
920961,12
920963,1
920964,1
920967,12
920969,17
920971,44
920972,44
920974,44
920977,20
820980,49
820981,50
920984,6
920986,47
920987,47
920988,44
920991,48
920992,30
920993,5
920994,25
920995,6
920996,7
920997,11
920998,19
920999,12
921000,2
921001,2
921003,9
921004,40
921006,48
921016,2
921018,7
921020,20
921026,12
921030,52
921032,52
921035,44
921036,48
921038,18
821039,50
921040,48
921041,35
821043,50
921045,33
921048,38
921054,52
921059,4
921061,4
921064,47
921068,47
821069,50
921070,47
921071,51
921072,47
921074,2
921075,2
921076,2
921077,12
921078,2
921091,30
921121,11
921133,20
921134,25
921135,46
921136,17
921137,2
921145,17
921152,26
921154,2
921155,47
921158,9
921160,9
921161,47
921164,51
921165,47
921166,6
921167,7
921168,25
921169,1
921172,2
921173,38
921176,9
921178,19
921179,44
921180,52
921181,20
921182,31
921183,7
921184,6
921186,17
921188,50
921189,12
921190,44
921193,5
921194,55
921195,33
921196,4
921197,18
921198,17
921205,6
821206,35
921211,46
821212,49
921214,12
921217,50
921219,25
921220,49
921224,7
921226,12
921229,18
921231,52
921232,52
921234,52
921236,52
921237,12
921238,12
921239,20
821243,51
921244,47
921253,47
921254,15
921256,47
921257,31
921258,47
921263,47
921264,47
921265,47
921266,47
921267,47
921268,47
921269,47
921271,15
921272,47
921273,15
921274,47
921275,19
921277,1
921279,37
921355,48
821285,35
921286,47
921288,47
821291,50
921292,26
921293,15
921294,15
921295,4
921297,17
921298,48
821302,15
821303,15
821305,15
821307,48
921309,15
821311,48
921313,47
921316,12
921319,50
921320,47
821324,50
921325,6
821327,48
921330,17
921332,17
921334,17
821336,15
921340,7
821342,15
921343,52
921346,1
921347,18
921348,12
921349,23
921350,23
921351,52
921352,51
921354,12
821356,48
921357,2
921361,33
821364,51
921367,15
921368,15
921371,37
821372,50
921373,12
821374,50
821375,49
821376,50
921377,20
921380,23
921381,2
921382,40
921385,17
921386,10
921389,5
921390,5
921392,6
921393,33
921394,5
921395,1
921396,17
921397,15
921398,40
921399,17
821400,15
921401,7
921402,9
921403,50
921404,50
821405,50
921407,19
921408,50
921411,25
921412,17
821413,50
921414,9
921415,7
921416,5
921417,25
921418,47
921425,35
921430,15
921432,37
921434,51
921435,44
921439,44
821440,48
921441,44
821444,49
921445,1
821448,50
821450,50
821451,50
921469,12
921476,35
921477,1
821478,50
921479,4
921480,47
921482,44
921487,49
921489,15
821490,5
921492,50
821493,5
821494,15
821501,49
921502,50
921503,2
921505,2
921506,7
921507,44
921508,12
921513,44
921515,35
921518,12
921519,49
821520,49
921521,25
821522,48
921524,47
921525,35
921526,11
921527,35
921530,3
921531,12
821532,15
821534,15
821535,15
821536,15
821537,15
821539,15
821540,15
821541,15
821542,15
821543,15
821544,15
821545,15
821546,15
821547,15
821548,15
821549,15
821550,15
821551,15
821552,15
821555,50
921556,11
921557,2
921558,15
821559,49
921560,33
921561,7
821563,15
821564,15
821565,15
821566,15
821567,15
821568,15
821569,15
821570,15
821571,15
821572,15
821573,15
821574,15
821575,15
821576,15
821577,15
821578,15
821579,15
821580,15
821581,15
821582,15
821583,15
821584,15
921585,2
921588,17
921593,19
921594,19
921597,35
821601,51
921609,7
921610,17
921616,5
921618,45
921619,7
921620,2
921624,12
921626,12
921628,15
921629,20
921633,7
921634,26
921635,48
921639,44
921642,4
921646,9
921647,1
921649,3
921650,48
921652,37
921654,2
921655,5
921656,7
921657,2
921658,48
821662,15
921663,12
821664,15
921665,38
921667,15
921668,15
921669,15
821670,15
921671,3
821672,15
821673,15
821674,15
821675,15
821676,15
821677,15
821678,15
821679,15
821680,15
821681,15
821682,15
821683,15
821684,15
821685,15
821686,15
821687,15
821688,15
821689,15
821690,15
921692,7
921698,47
921701,31
921705,15
921707,35
921708,30
921711,47
921712,6
921714,7
921715,48
921741,33
921744,7
921745,15
821746,15
821747,15
821750,50
921751,9
921752,50
921753,7
921757,33
921761,6
921762,19
921764,15
921765,15
921766,15
921767,15
921768,15
921769,15
921770,15
921771,15
821772,15
821773,15
821774,15
821775,15
921776,35
821777,15
821779,15
821780,15
821781,15
821782,15
821783,15
821784,15
921785,40
821787,48
921789,12
921790,12
921791,12
921792,12
921793,12
921795,12
921798,15
921799,15
921800,1
921801,9
921802,44
921803,44
821804,49
921805,4
921806,33
821808,49
921812,17
921814,20
921816,17
821818,15
921820,19
921821,33
921823,33
921827,12
921828,12
921830,2
921834,47
921835,31
921837,47
921838,48
921839,47
921841,47
821842,50
821843,50
821844,51
921847,4
921848,17
821852,48
821853,48
821854,15
921856,12
921858,35
921859,35
921861,44
921863,35
921864,35
921865,4
921866,6
921868,48
921872,33
921876,5
921877,5
921878,5
921880,17
921883,17
921884,35
921885,9
921886,17
921887,7
921888,40
921889,26
921890,25
921891,35
921892,15
921893,9
921894,47
921895,2
921897,15
921898,15
921899,15
921900,15
921901,15
921902,15
921903,15
921904,15
921905,15
921906,15
921907,15
921908,15
921909,15
921910,15
921911,15
921912,15
921913,15
921914,20
821917,5
921918,15
821919,15
921920,7
921922,15
921923,15
921924,15
921925,15
921927,15
921928,10
921929,35
921930,15
921931,15
921932,15
921933,15
921935,15
921937,15
921938,15
921939,15
921940,15
921941,15
921942,15
921943,15
921944,15
921945,15
921946,15
921947,15
921948,15
921951,1
921952,12
921953,12
921954,9
921955,5
921956,9
921959,15
921961,15
921962,15
921972,47
821976,50
821979,50
921994,40
922002,20
822008,15
922009,17
922010,17
822012,12
922014,40
922015,2
922016,33
922017,33
922018,5
922019,30
822024,50
822025,15
822026,15
922028,7
922031,33
922032,5
922033,51
822034,5
922035,5
822036,5
822037,5
922038,51
922040,46
922041,12
922043,1
922045,45
922047,15
922048,6
922049,31
822050,50
922051,12
922052,12
922053,17
922054,30
922547,2
922057,12
922058,5
922059,15
922062,5
922065,52
922066,52
922067,52
922068,5
922071,2
922072,5
922073,17
822074,2
922076,17
922079,48
922080,30
822081,48
922083,4
922086,33
922087,55
922090,5
822094,15
922095,15
822096,48
822097,15
922100,44
922102,35
822103,50
822104,50
922105,19
922108,4
922109,51
922110,35
922111,6
922112,33
922113,12
922118,40
922119,44
922122,4
922125,6
922127,11
822129,50
922130,6
922131,12
822132,49
922134,49
922136,4
922137,12
922138,12
922139,5
922140,7
922142,30
922143,33
922144,49
922145,31
922146,31
922147,1
922148,10
922149,5
922150,51
922152,10
922153,31
922154,17
922155,20
822158,50
922160,4
922161,47
922164,44
922166,17
922167,19
922168,37
922170,7
922171,47
922172,48
822173,48
922174,45
922175,1
922176,44
822177,50
922178,49
822179,51
822180,48
822181,51
922182,2
922183,52
822184,52
922185,7
922186,51
922193,15
922194,19
922195,30
922196,17
922197,4
822198,50
922201,52
922202,25
922203,10
922206,35
822207,48
922210,12
922218,5
922219,12
922220,5
922222,7
922223,9
922224,17
822226,5
822227,48
922228,17
822229,50
922230,11
822232,50
922233,12
822234,51
822237,50
822238,50
922239,31
922240,44
922242,30
822243,48
922244,25
822245,50
922246,15
922247,20
922248,22
922249,50
822250,5
922251,33
922253,33
922254,49
922255,17
922256,31
922257,23
922258,26
922259,19
922260,10
922261,10
922262,26
922263,5
922264,55
922265,5
922267,26
922268,2
922269,48
822270,48
922272,38
922273,12
822274,48
922275,12
922276,12
922277,1
822278,48
922279,19
922280,35
922282,33
922283,2
922284,37
922285,10
822286,2
922287,17
922288,20
922290,1
922291,2
822292,15
922293,12
922294,17
922295,15
922298,19
822299,15
922302,22
922304,17
922305,6
922306,40
922307,48
922309,18
922310,2
922311,2
922314,26
922315,30
922319,18
822321,48
822322,15
822323,15
922324,5
822328,50
822329,50
822330,2
822331,2
822333,48
922335,45
922336,51
922337,38
822338,15
922339,12
822340,15
922341,6
922342,25
922343,15
922350,7
922352,12
922353,12
922354,17
922355,12
822358,15
922360,6
922361,50
922362,1
822363,15
822364,15
922365,5
822366,15
922371,35
922373,50
922375,12
922376,12
922377,12
922379,17
922380,12
922381,19
922383,11
922386,37
922389,26
922391,35
922392,50
822393,50
822394,50
822395,50
922397,19
922400,9
922401,20
922406,48
922407,47
922411,5
922412,37
922415,26
922416,9
922417,9
922418,12
922420,17
922421,17
822422,50
822424,15
922425,5
922427,25
922429,47
922432,25
822434,15
922435,6
922436,25
922438,12
922441,11
922443,52
822444,15
922445,3
822446,51
922448,12
922449,12
922451,26
922452,9
822453,50
822454,48
922455,52
922456,7
922461,6
922462,2
922463,40
922465,23
922466,17
922468,17
922469,25
922471,9
922472,12
922473,10
822475,2
822476,48
922478,35
822479,48
922482,52
922484,50
822486,15
922489,15
922491,12
922494,47
922495,50
822496,48
922497,1
822498,49
922499,7
922500,12
922501,31
922502,20
822504,48
922505,10
922506,10
922507,1
822508,10
822510,48
922511,15
822512,48
822515,15
822516,15
822517,15
922518,47
922520,44
922521,17
822522,52
922523,35
922524,12
922526,12
822527,51
922530,44
922531,2
922532,44
922533,17
822536,48
922539,2
822540,50
922541,13
922542,2
922543,2
922544,1
922546,11
822549,50
922550,9
822551,50
822552,50
822553,50
822554,50
922555,9
922556,9
922557,35
922558,9
922559,47
922560,47
922561,47
822562,48
922563,44
922564,13
822566,15
822567,2
922568,37
922569,12
922570,12
922572,44
922573,52
922575,9
922577,11
922579,49
922580,9
922581,9
922582,7
822588,5
822589,5
822590,5
922591,25
822593,50
822594,51
922595,37
922597,30
922601,37
822602,48
922603,9
822604,15
922605,44
922607,15
922608,19
922610,19
922611,38
922612,25
922613,7
922614,6
922615,11
922616,7
922617,7
922618,15
922619,31
922620,31
822621,15
922622,31
922623,31
922624,9
922625,18
922626,47
922627,10
922628,17
922629,40
922630,50
922631,47
922632,2
822633,50
822634,49
822635,49
822636,50
922637,50
922638,1
922639,1
922640,12
922641,17
922642,12
922643,12
922644,33
922645,17
922647,17
922648,22
922649,52
922650,18
922651,17
922652,17
922653,9
922655,12
922656,12
922657,12
922658,12
922659,19
922660,23
922661,5
922662,5
922664,12
922665,12
922666,10
922667,7
922668,7
822669,13
922672,45
822673,48
822674,5
922675,31
822676,5
922677,50
922679,2
822680,50
922681,30
822682,15
922683,44
922684,44
922685,44
922686,4
922687,12
822688,15
922689,52
922692,40
922693,17
922694,19
822698,48
922699,2
922700,12
922701,13
922702,12
922703,13
922705,48
922706,5
922707,9
922708,9
822709,48
922710,9
922711,6
922712,47
922713,12
922714,5
922715,7
922716,30
922717,2
922719,44
922720,26
822722,48
922724,7
822725,15
922728,15
922729,4
922730,7
922731,12
822733,52
822734,52
922735,6
822737,5
922738,11
922739,18
922740,18
822741,52
922743,12
922746,48
822749,48
822750,15
922751,37
922756,25
922758,26
922759,26
922760,40
922761,44
922762,44
922766,10
922767,25
822770,50
922771,52
922772,37
922773,37
922774,47
922775,47
922776,37
922777,2
822778,15
922779,47
922780,37
922781,2
922783,7
922785,25
922786,5
922788,47
922790,12
922791,12
922792,12
922793,12
922794,40
922795,40
922797,15
922798,48
922799,15
922801,25
922802,35
922803,47
922805,35
922806,52
922807,7
922808,35
922809,35
922810,35
922811,25
922812,5
922814,5
922815,5
922817,9
822819,15
822820,48
922821,30
922822,9
922823,48
922824,14
922825,5
922826,7
922827,44
922829,12
922830,12
922832,10
922837,6
922838,11
922839,10
922840,40
922841,5
922842,33
922843,55
922845,5
922846,40
922847,1
922848,2
922849,31
922850,31
922851,18
922852,7
922853,9
922854,9
922855,9
922856,9
822857,49
922858,50
922859,51
922861,13
922862,13
922863,15
922864,13
922865,52
922866,52
922867,15
922868,38
922869,19
922870,19
922871,6
922872,11
922873,18
922874,18
822875,2
922876,46
922878,44
922879,44
922880,44
922881,6
922882,18
922883,2
922884,26
922885,18
922886,19
922887,52
822888,49
822890,13
922891,2
922892,10
822893,13
922894,26
922895,5
922896,40
922897,40
922898,10
822899,13
922901,12
922902,12
922903,12
922904,12
922905,13
922906,12
922907,2
922910,35
822911,48
922912,12
922913,40
922914,23
922915,38
922916,13
922917,15
922918,5
922919,25
822921,48
922922,12
922924,52
922926,52
922929,2
922930,1
922931,10
922932,13
922933,37
922934,52
922935,13
922936,6
922938,44
922939,37
922940,12
922942,13
922943,13
922944,48
922945,18
922946,5
822948,15
922949,4
822952,52
922953,13
822954,15
822955,52
922956,12
922958,12
922959,15
922960,12
922961,52
922962,13
922963,47
822964,15
922966,5
922969,50
822971,50
922972,9
922977,7
922978,37
822981,48
822982,48
922984,47
922985,44
822986,56
922988,13
822989,56
922990,20
922991,37
922994,2
922995,2
923001,13
923002,52
923003,44
923004,12
923008,52
923009,33
923010,13
923011,5
923012,5
923013,37
823015,50
823016,50
823020,13
923021,6
923022,12
923023,12
923024,12
923025,11
823026,15
923027,10
923028,10
923029,5
923030,2
923031,7
923032,13
923033,13
923034,13
923035,13
923036,13
923037,13
923038,13
923041,13
923043,13
923044,13
923045,13
923046,13
923047,13
923048,13
923049,46
923050,12
923051,13
923052,12
923053,12
923054,13
923055,13
923056,13
923057,38
923058,13
923059,13
923060,13
823061,48
923062,13
923063,31
923064,25
923067,31
923070,13
923071,17
823072,48
923073,38
923078,5
923081,47
923082,48
923084,35
923085,19
923087,12
923088,12
923089,3
823090,13
923091,47
923092,47
923093,13
923097,2
923098,12
923099,3
923100,11
923101,19
923102,10
923103,51
823107,13
823109,50
823110,13
823111,13
923112,17
823113,48
823114,13
823115,13
823116,13
823117,13
823119,13
823120,13
923121,44
823122,13
923123,12
923124,6
923125,9
923127,2
923128,12
923130,38
823131,13
823132,13
823133,48
823134,13
823135,13
923136,51
823137,13
823138,13
923139,9
823140,13
823141,13
823142,13
923143,11
823144,13
823145,13
823146,13
823148,13
823149,13
823150,13
823151,13
923152,18
823153,13
823154,13
823155,13
823156,13
823157,13
923158,12
823159,13
823160,13
823162,15
923166,9
923167,15
923168,15
923170,44
923171,52
923172,52
923173,19
823174,52
923175,52
823176,2
923177,12
823178,48
923180,37
923182,7
923185,52
823186,13
823187,13
823188,13
823189,48
823190,13
823192,13
923194,3
823199,13
923201,44
923202,48
923203,48
823208,51
923213,5
923215,5
823216,49
923217,38
923220,40
923222,2
923223,44
823224,50
923227,47
923228,47
923233,2
923234,2
923235,9
923236,12
923237,12
923238,12
923241,47
923242,47
923244,40
823245,51
823247,50
923249,44
923250,9
923251,44
823252,48
923253,13
923254,10
923257,10
923259,2
923268,37
923283,44
923298,18
923301,9
823305,5
923306,56
923308,56
923309,56
923310,44
923311,56
923312,56
923313,56
923315,56
923316,4
923317,56
923318,56
923319,56
923320,56
923321,56
923322,56
823323,50
923324,56
923326,56
923327,56
923328,56
923329,56
823330,56
923331,37
823332,56
823333,56
823334,56
823336,56
823337,56
823338,56
823339,56
823340,56
823342,56
823343,56
823344,15
823345,56
923346,2
823347,56
923348,15
923349,2
823350,56
823351,56
923354,4
923355,4
923356,15
923357,2
823359,15
823361,5
823362,5
823363,5
823365,5
823367,5
923368,37
923370,12
923373,5
923374,5
923375,38
923376,5
923377,40
823378,48
823379,48
923381,10
923382,50
923391,9
923394,4
923397,12
923401,18
923412,30
823414,48
923415,19
923416,35
923417,1
923418,9
923419,9
923421,7
923422,35
823423,49
923424,35
923425,35
923426,52
923428,19
823429,15
823430,15
923431,10
923433,44
923434,44
923437,52
923439,50
823985,13
823445,52
923446,9
923447,9
923448,50
823452,49
923453,10
923456,35
823462,2
923468,6
823469,49
923470,9
923486,35
923488,15
923493,48
823494,15
923499,9
923500,13
923501,18
923502,5
923504,4
923505,38
923506,10
923507,4
923508,12
923509,2
923510,55
923511,55
923512,25
923513,11
923514,48
823518,2
923520,48
923523,19
823524,50
823525,50
823526,50
823527,50
823528,50
823529,50
923531,44
923532,44
923533,25
823535,51
923538,12
923539,9
823540,52
823542,5
823543,5
823544,15
823545,15
823546,15
923547,18
923549,5
923550,9
923551,13
923552,13
923553,13
923554,12
923555,5
923556,13
923558,13
923559,13
923560,13
923561,13
823562,48
923563,13
923564,13
923565,13
823566,48
923567,13
823568,48
923569,37
923570,35
923571,12
923572,20
823573,48
923574,13
923577,13
923578,13
923579,26
923580,5
923581,13
923583,13
923584,9
823586,48
923587,18
823589,48
923590,37
923591,44
823592,2
823594,48
923595,35
923596,11
923599,51
923600,48
923602,40
823604,15
923605,33
923606,40
923607,40
823611,48
923612,52
923613,38
823617,5
923618,4
823621,52
923622,48
823625,48
823626,52
823630,15
923634,15
823635,50
823636,13
823637,50
923639,11
923641,40
923643,18
923644,18
823645,13
823646,13
823649,5
823651,52
923654,3
923655,13
923658,13
923661,4
823662,50
923666,10
923667,13
923669,13
923670,13
923671,13
923672,13
923673,13
923674,13
923675,13
923676,13
923677,13
923678,13
823680,13
823681,13
923682,40
923683,10
923684,10
923685,26
823686,52
923687,52
923688,5
823708,52
923710,52
823712,49
823714,15
823716,48
823718,48
823720,50
823721,48
823729,50
923744,22
923746,38
923747,9
923748,11
923750,47
923751,12
923752,25
823753,17
923754,12
923755,12
923756,12
923757,2
923758,13
923762,19
923763,5
923764,5
823766,2
923767,13
923770,33
823773,2
823802,15
923803,15
923804,25
823806,2
923807,4
823808,50
923809,4
823811,50
823812,50
823821,51
923826,12
923827,12
823828,49
923830,15
923831,15
923832,5
923833,5
923834,35
923835,52
923836,37
923837,25
823838,48
923841,26
823844,5
923846,9
923847,52
823848,52
923849,38
923851,48
923852,19
923853,37
923856,11
823858,49
923860,9
923861,50
923862,50
823863,50
823865,47
823866,13
823867,13
923868,12
823871,48
823872,52
823873,52
923875,38
823876,47
823878,47
823879,47
923880,13
823881,47
923882,19
823883,47
923886,15
923890,12
923891,11
923892,48
923893,17
923894,9
923895,40
923896,12
923897,10
823901,13
823902,13
823903,13
823905,13
823906,13
823907,13
823908,13
823909,13
823910,13
923911,13
923913,13
823915,13
823916,13
923917,51
923918,2
923919,12
823920,47
923921,18
923944,18
923945,9
923949,5
823950,15
923951,3
823952,50
823953,50
823954,52
823955,47
823981,13
823982,2
823983,13
823984,13
923987,3
923992,44
923994,44
923996,18
823998,50
823999,50
824000,50
824003,50
824004,50
924016,44
924024,2
924036,37
924037,37
924038,4
924042,13
824047,15
824049,15
924052,15
924053,48
824054,15
824055,15
924061,50
924063,38
924065,51
924066,23
924067,18
924070,12
824076,2
924077,12
924078,26
824080,48
924084,48
824087,49
824088,15
924090,37
924093,15
824094,15
924095,50
824096,50
924097,38
824098,15
824099,15
824100,49
824101,49
824102,2
924104,51
824390,48
924108,13
924110,51
924111,15
924112,46
824116,15
824117,15
824118,15
924120,11
824121,5
824122,5
924123,52
924124,9
924125,9
924126,38
924128,18
924129,18
924130,11
924134,4
924136,22
824140,48
924142,12
824143,50
824144,50
824149,50
824154,15
924161,52
924163,12
824164,2
924166,52
824167,52
924168,52
924169,9
924170,12
924171,13
924172,9
924173,7
924174,9
924175,9
924176,4
924177,12
924178,12
924179,5
924183,13
924186,5
924187,13
824189,48
924193,4
924202,25
824204,48
924208,37
824209,50
824210,50
824212,5
924213,11
924214,11
924215,10
924216,38
924217,23
924218,25
924219,15
824220,15
924222,48
924229,12
924230,12
924231,50
924232,12
924233,12
924235,11
824236,50
924238,11
924239,26
924240,35
924242,50
824244,50
824248,47
924251,38
824252,48
924253,9
824256,48
924257,5
824258,48
924261,48
824262,47
924263,25
824264,52
824265,48
924266,40
824268,49
824269,47
924271,47
924272,13
924273,52
924274,13
924275,20
924276,10
824277,47
924278,10
924279,10
824280,48
824281,2
824282,48
824283,48
924284,4
924285,12
824286,48
924287,12
924288,18
924289,11
924290,18
924292,9
924293,9
924294,9
824295,15
824296,49
824297,5
824298,15
824299,5
924301,37
824303,5
824304,5
824305,5
824306,13
924307,13
924309,47
824310,49
924313,12
924315,25
924316,11
924317,9
924318,9
924319,38
824320,48
824322,50
924323,40
824325,44
924326,15
824327,44
824328,44
824329,15
824330,44
924331,5
824332,50
824333,48
824334,48
824335,52
824336,52
824337,48
824338,49
924345,13
924346,47
824347,50
824349,50
824350,50
924351,13
924352,13
924353,52
824354,5
924355,15
924356,37
924357,37
824358,49
824359,48
824360,15
924361,52
924363,11
824364,50
924366,12
824368,13
924369,40
924370,23
924371,9
824375,50
824376,50
924377,9
924379,11
924382,12
924385,9
924387,4
924388,12
824389,5
824391,15
924392,47
924393,4
824394,48
824395,2
824396,50
824397,50
824399,5
924400,50
924401,44
824403,52
824404,52
824405,52
824406,5
824407,5
924408,52
924409,9
824410,50
824411,5
924413,13
924414,9
924416,4
924417,26
924418,9
924421,15
824423,15
924424,12
824425,50
924426,48
924427,52
824428,50
824429,50
824431,5
824435,50
924438,9
924440,48
924442,48
824443,2
924444,18
924446,9
824448,48
824449,52
824451,48
824452,48
924453,7
924454,12
924455,12
924456,7
824459,50
824460,2
924465,44
824469,2
824470,2
824471,2
824472,48
924473,10
924474,50
924475,50
824476,52
824477,44
824478,2
824479,5
824481,50
924482,50
924483,48
824484,51
924486,10
824492,5
824493,5
824494,2
924495,15
824497,15
924498,5
924500,9
824501,13
824502,44
824503,15
824504,5
924505,56
924508,13
924509,13
824513,2
924515,35
924516,48
824519,15
824520,15
924523,48
824525,5
824526,5
924534,25
824535,52
824536,5
924540,13
824545,15
824546,50
824548,5
824549,5
924550,2
924552,40
924553,48
824554,44
824555,13
824556,13
924557,48
824558,52
924559,50
824560,50
824561,50
824562,5
824563,5
824564,5
824565,48
824566,52
924570,9
924571,9
824572,47
824573,47
924574,13
924575,13
924576,13
924578,13
924579,13
924580,13
924581,13
924582,13
924583,13
924584,13
924585,13
924586,13
924587,13
924588,13
924589,13
924590,13
924591,13
824593,2
924595,52
824597,15
924599,47
824600,47
924601,13
924602,13
924603,13
924604,13
924606,13
924607,12
924608,13
924609,13
924610,13
924611,13
924612,13
924613,13
824615,47
824618,52
824621,15
824623,52
824624,2
924625,13
824627,47
824628,51
824629,5
924631,37
824632,15
924633,44
824634,15
924635,31
824636,15
924637,13
924638,13
824639,48
824644,50
824645,50
824646,50
924647,52
824648,50
824649,52
824650,52
924651,50
924652,9
824654,15
824660,13
824664,47
924666,37
824667,50
824668,50
924669,44
824671,15
924672,4
824675,5
924678,12
924679,12
824680,48
924681,47
824682,47
824686,5
924691,52
924692,12
824693,49
824694,15
824695,15
924697,13
924698,13
924699,13
924700,13
924701,13
924702,13
924703,13
924704,13
924705,13
924706,13
924707,13
824708,48
924711,52
924719,13
924720,13
924721,13
924722,13
924723,13
924724,13
924725,13
924726,13
924727,13
924728,13
924729,11
924733,2
924734,10
924735,35
824737,15
924738,10
924739,40
824740,2
824742,44
924754,13
824755,48
824762,5
824764,47
924765,52
824766,44
824767,52
824768,2
824769,2
824777,52
824785,49
924788,26
924792,17
924801,52
824802,52
824809,5
824825,5
824828,15
924995,52
825038,52
825068,52
825114,47
925116,44
925118,52
925125,50
825130,50
825131,50
825142,15
825199,40
925318,37
825372,52
825419,52
825468,52
825469,52
825523,52
825525,52
825560,52
825643,52
825654,52
825662,50
825664,52
825700,52
825701,52
925721,44
825754,50
925947,52
925997,52
826067,50
826069,50
926191,12
826546,50
